$ANSIBLE_VAULT;1.1;AES256
64373530343063623162333935323562316165306561383263666165383736346631353435353964
3633316665353232623161663236333561653635336237380a373261393734336261326439353562
61353361623834623661333036623632306265303030366432306130396139663861363533343430
3036326465383962350a633334303532373139626461376332656436653139363532656131633163
38613938653736383964663439666339306536353533636639373533303732343133373932613733
34376634333265313033356531613135643161323866313839353466353566613062316532343865
35613965363866393863663566333531633335306133616366376431613635343332306232633762
61643530633864393138653038336136353262663237343561393439646132636461363862303762
39366361666661373963323861326439396533643531303232373563353332633563376637306530
64343066353032313364656237326665383638376636376530626664373062366364363539653736
32353138386663303161656438366161656331326564663366363930626464643630643036373735
32616635333036366266343563636164653436623130393936646233663237316238363364373366
30386134333730663633336465326462343335613966656661663931653162346261623865666263
62373035366164353935643131643764336530313765326139653536366361356636636232366266
63346630333163313534343435623933353038313831353731353431643139363134303134663463
35346139303830353564653163303062393936333132633165326565353631376130376433373630
39356332323137343661663237626264326233303938306266616561623532353530643334306138
32333039343433353439386238336464393135363138613438323734343365366166656433386465
36333234356465323262303330306163353665323632306534363764343663643437646631333432
36666465306633313830333366666464313162633862323938616361313830333666316231313534
31646533343836333539636462316163653636333938333761303738653466633362363735616636
62333538356537656133356531363232333538346536613231353263353361396334313163663563
64303836306133366232336536366165396365346234346235396362303436616564326137616239
34623736356166393161666132363364396465333562643863666266386363343931323636313739
35393734613566363164336637346135653537356138356362643732383561323161643639663932
33643336616238666133313135646666346231643863336638316464356263396535303336346538
66633239363634326666316366323065613631346163343232326236316364653663333832666236
65643639313938633037613030363732343264313632383431376537373964323138326137326236
64653936643865653063623366393761656136393137616338313731636238326461323039666266
32323234386535643633373534356566393236623865626562363663326230626566666537636437
31653030323061313634303433363238363632376536316461346632366165613832656631386535
32333132343833333733353431653032613437646133626266313236353336636239623162623566
39633831656533633462343032666136366236373131626633333766613832343235626565613333
66666632666563613032316234363234613037626464366530353862313230303033313163636531
34303335623939336136303931313939646630306636353565616664353632313862373538303935
63636335393639343562356532626362663262323432366631356364666234613934343038666462
35356436663164666561323561306539316638646466353839666139623334363662363135643735
32396336643862646331363165373037343965393832303865363965633962373832313537346662
65366135343065633566336466313033626132326337643931393734396634643731343733616164
30336365313134363538396233623230663035393565643636663839343265313664383231313532
65346164616636653534653630396332613536363033376331393732346530383739333630353737
32396131353732643266316338363661303134373539376566656437623732373031346436353961
64626538363137363266343335623232393834326661383237353361616232333565333035393061
38366132653737643737303438643434663835656661356233303430393630366239386234373033
37643337633661373163613637303839653264303062303931376638313138333661326239613335
35613739336131353663666237356237636536313630366566623732393533353966666434623332
38326335383432633439313130333434313466616136353139613064343161393438626635353431
33326564326262303333323065626230323663333435313830633831306237366433373133363031
30313238393864663662663935386435653339633765663164656434323161653836356438336464
36376436393837666163666538336433653731663035396234333439383435366433366632326438
34643438373665323262343461366539336261343465613338343064613861656266643330383430
64333337313831653032363864373763353164386362353464336535353239326363323462643463
33303961366639396164343330333937306562376166363538616165313138356638306131363966
64383932343036373636373039366338616430343664613437633730383135633835396165373263
33323134356639386663613863636162336439623535626232393765643962633630353234313334
37633637626662623736653838303839393039383464663938393236666237653734316632383039
66313832393339316363626137626565336162303162396134303834316631363064373261623731
38373533386134306364633838313061303162656632333830376435663139616131326337386531
34613532313062303230303530336466663535396538343730346434646166656332663566343162
39633537356161383837306235323839616164643933346638373365626233613738333066366531
33343363613939333133666130356234306661343138333762326165396366663530353533396164
63303530623137363364663333616639653332623733666434366433303261393434306164633562
32646631336436383536326435313065376130373161626230386135373430646262363966636337
34343464376131393461333566363435313730363166353633363634353834383365356364623331
64323066323165386133653433623231333033633131313331306265313530303763376566396261
66383364366330653834613038346331623061393065633731326365623963643335643430323539
61343065613861643262613663643161623362613633396338383733343066636661383730633362
33393130616664613338323765643666396332353737363732613237353864306639336232333432
63633134396631303664386536646135633961663634613034303962613462346636623063613236
38316631613762393864386266616439613835623161386363306161653838333834383264356233
61633030353962303433383961633231613834376564663262316566373765306561663737646333
64366630373962623663363538336430366330323139336665303832393233653833366533666365
61353839663639626136333364383938623637356163626137396631643432363264613962306264
64363937643961626664633630326535323166333236396231643530666232343663333632646134
65623838333031386234633963646266353738643733336434616236653231653462383861363461
30316630646633393535323639646637393966333737393966643631303463643336613764323666
61316234376361323231656263643331616166356264326262376562643433616334316638643836
34363337643932376232373539393531316636343738616631653566316261313739323634373766
62663134333737363134323165333531613433363939396335613535383262343865343833653764
62313763336232336436396264623038353664373262316436663932313535356261303430616233
32373339343239626266303134356162633038303534356134353737393431356131386131393435
30333539366133383435326463383635666138326431643964326635663332663165383536303561
61656637643838303462386563646139323334656363646665373237323535393830626132643162
30623236623866396133616437316533623335333465303031303734633035663562613032383938
31343734343038333031306463356563626330353136383634333334303639386336613865666361
35393935373639373335323335333863393738373930396639383365383463336636303630343733
65623236306133346636316666623136663938663331623635646665616362313735313438633564
33396133363032656466
